3
339: 155 125 80 50
337: 155 175 80 50
335: 155 225 80 50
333: 155 275 80 50
329: 155 325 80 50
327: 155 375 80 50
325: 155 425 110 45
315: 155 470 65 50
313: 155 520 65 50
307: 155 570 40 80
305: 155 650 40 50
303: 155 700 40 50
301: 155 750 80 65
302: 315 635 40 110
336: 295 285 60 55
338: 295 200 60 85
351: 385 125 65 75
350: 385 200 65 75
371: 500 530 50 40
372: 550 530 50 40
373: 600 530 50 40
ES: 316 601 40 35
WS: 296 406 60 35
HS: 235 125 75 35
RS: 310 125 75 35
GS: 445 600 40 35
EL: 196 571 40 40
ESC: 316 471 40 100
M: 296 341 60 20
W: 397 361 60 20
AUX: 355 600 90 120
GYM: 485 600 165 120
THE: 385 450 115 120
4
439: 155 125 78 48
437: 155 175 78 48
435: 155 225 78 48
433: 155 275 78 48
431: 155 325 78 48
429: 155 375 78 48
427: 155 425 78 43
413: 155 470 108 48
411: 155 520 108 48
407: 155 570 38 78
405: 155 650 38 48
403: 155 700 38 48
401: 155 750 78 43
402: 235 750 78 43
404: 315 635 38 113
408: 385 560 38 38
426: 295 380 58 23
436: 295 290 58 53
438: 295 260 58 28
440: 295 200 58 53
453: 385 125 63 48
451: 385 175 63 48
450: 385 225 63 48
ES: 316 601 38 33
WS: 296 406 58 33
HS: 235 125 73 33
RS: 310 125 73 33
EL: 196 571 38 38
ESC: 316 471 38 98
M: 296 341 58 18
W: 397 361 58 18
CL: 280 160 280 750
AL: 375 160 375 600
5
531: 155 305 38 68
525: 155 375 38 68
513: 155 445 38 68
511: 155 515 38 68
507: 155 585 38 68
505: 155 655 38 68
503: 155 725 38 68
501: 195 750 53 43
502: 260 750 53 43
580: 355 645 53 83
ES: 316 601 38 33
WS: 296 406 58 33
HS: 235 125 73 33
RS: 310 125 73 33
GS: 445 600 38 33
BL: 480 600 83 48
GL: 565 600 83 48
CAF1: 155 125 353 178
CAF2: 295 305 88 133
CL: 255 305 255 795
6
639: 155 125 78 48
635: 155 175 78 48
629: 155 225 78 48
627: 155 275 78 88
615A: 155 365 78 78
LIB1: 155 445 88 93
LIB2: 155 540 38 253
601: 195 750 118 43
626: 295 380 58 23
636: 295 280 58 58
638: 295 220 58 58
640: 295 160 58 58
ALT: 355 600 88 118
GYM: 480 550 168 98
ES: 316 601 38 33
WS: 296 406 58 33
HS: 296 126 58 33
GS: 445 600 38 33
EL: 196 571 38 38
ESC: 316 471 38 98
M: 296 341 58 18
W: 397 361 58 18
7
739: 156 126 78 48
737: 156 176 78 48
735: 156 226 78 48
731: 156 276 78 88
729: 156 366 78 28
727: 156 396 78 48
717: 156 446 48 48
715: 156 541 38 28
709: 156 571 38 78
707: 156 651 38 48
705: 156 701 38 48
703: 156 751 78 84
701: 236 751 78 42
702: 316 694 38 55
704: 316 636 38 55
726: 296 381 58 23
736: 296 281 58 58
738: 296 221 58 58
740: 296 161 58 58
ES: 316 601 38 33
WS: 296 406 58 33
HS: 296 126 58 33
EL: 196 571 38 38
ESC: 316 471 38 98
M: 296 341 58 18
W: 397 361 58 18
CL: 265 125 265 750
8
839: 156 126 78 48
837: 156 176 78 48
835: 156 226 78 48
831: 156 276 78 88
829: 156 366 78 28
827: 156 396 78 48
817: 156 446 48 48
815: 156 496 38 74
811: 156 571 38 78
809: 156 651 38 48
803: 156 701 50 105
801: 206 750 44 56
802: 250 750 41 56
804: 316 635 39 114
826: 296 381 58 23
836: 296 281 58 58
838: 296 221 58 58
840: 296 161 58 58
ES: 316 601 38 33
WS: 296 406 58 33
HS: 296 126 58 33
EL: 196 571 38 38
ESC: 316 471 38 98
M: 296 341 58 18
W: 397 361 58 18
9
939: 155 125 80 65
935: 155 190 80 65
931: 155 255 80 62
927: 155 317 80 63
925: 155 380 80 65
913: 155 445 50 50 
911: 155 495 35 45
909: 155 540 40 45
907: 155 585 40 65
903: 155 650 40 145
901: 195 750 120 45
902: 315 635 40 140
926: 295 380 60 25
936: 295 270 60 70
938: 295 230 60 40
940: 295 160 60 70
ES: 316 601 38 33
WS: 296 406 58 33
HS: 296 126 58 33
EL: 196 571 38 38
ESC: 316 471 38 98
M: 296 341 58 18
W: 397 361 58 18
